                           DAILY SUNSPOT NUMBERS 2012                          
===============================================================================
 Jan   Feb   Mar   Apr   May   Jun   Jul   Aug   Sep   Oct   Nov   Dec   Yr Day
-------------------------------------------------------------------------------
  44    61    18    42    69    85    84    88    95    54    33    38  2012 01
  57    41    20    51    68   106    85    95    93    51    32    34  2012 02
  74    24    47    46    69   116    83   116   112    44    31    32  2012 03
  78    26    64    41    62   104    87   101   104    43    32    39  2012 04
  67    20    80    34    63   106    86    82    80    42    36    43  2012 05
  70    29    85    34    62   107    88    65    76    30    33    20  2012 06
  70    22    79    19    57    89    97    81    62    28    43    22  2012 07
  64     9    72    16    61    75    78    82    54    34    46    36  2012 08
  49    20    82     9    65    74    81   105    58    49    46    30  2012 09
  43    32    77    10    69    85    71    87    46    53    52    31  2012 10
  39    32    86    19    79    90    73    72    50    51    76    34  2012 11
  32    34    86    37    72    78    83    65    48    58    86    48  2012 12
  44    45    71    35    75    79    86    49    38    56    85    49  2012 13
  73    40    63    33    85    86    83    22    34    66    94    43  2012 14
  92    37    65    58    87    82    78    20    40    83    97    45  2012 15
  95    33    63    39    98    74    68    23    42    80    94    47  2012 16
  87    34    65    51    79    62    57    33    36    71    98    53  2012 17
  78    38    46    72    73    40    38    36    42    76    93    43  2012 18
  65    48    55    95    78    36    25    48    44    66    85    39  2012 19
  63    44    64   108    83    21    24    53    53    51    74    40  2012 20
  69    41    57   104    79    11    19    47    55    57    75    43  2012 21
  67    30    52    94    57    11    19    46    38    59    67    56  2012 22
  70    38    53    89    55    11    42    47    49    64    55    57  2012 23
  53    40    70    86    62    14    47    47    66    66    58    41  2012 24
  47    33    66    81    67    12    42    51    89    55    59    41  2012 25
  30    33    65    75    57    25    57    52    95    54    51    41  2012 26
  40    30    62    68    59    49    73    50    74    47    54    39  2012 27
  28    27    65    72    78    61    71    53    56    37    54    38  2012 28
  35    14    79    71    56    72    74    55    52    48    55    40  2012 29
  38          70    67    52    73    80    84    65    45    49    40  2012 30
  46          66          64          81   100          35          64  2012 31
--------------------------------------------------------------------------------
  58.2  32.9  64.2  55.2  69.0  64.4  66.4  63.0  61.5  53.3  61.4  40.8
--------------------------------------------------------------------------------
Values are final through June, 2011.
