                           DAILY SUNSPOT NUMBERS 2014                          
===============================================================================
 Jan   Feb   Mar   Apr   May   Jun   Jul   Aug   Sep   Oct   Nov   Dec   Yr Day
-------------------------------------------------------------------------------
  87    66   111    72    59    44    97   115    65    91    61    96  2014 01
  93    83   113    86    77    43   105   115    74    85    66    85  2014 02
 107    89   115   100    82    51   121   107    69    79    76    78  2014 03
  95   101   101   119    85    44   124   102    81    71    74    73  2014 04
  94   117   110   102    95    60   140    89    78    60    93    44  2014 05
 117   120    91    91    99    82   134    79    96    46    68    42  2014 06
  98   103    96    86    80    92   142    86   111    46    72    39  2014 07
  75   103    83    88    88    98   132    62   104    50    58    48  2014 08
  84   103    79    71    93   108   117    58   118    40    51    47  2014 09
  96    96    81    49    82   112   116    43   114    24    47    61  2014 10
  99   111    79    46   100   120   104    48   108    20    60    75  2014 11
  93   113    94    55   103   136    86    52    85    20    59    78  2014 12
  82   103    80    60    89   126    62    55    84    28    76    95  2014 13
  67    91    78    79   111    95    45    60    70    50    69   110  2014 14
  65    79    79   109   104    51    13    75    63    60    75   113  2014 15
  56    72    87   141    89    58     7    76    77    47    70   119  2014 16
  52    74    90   150   101    66     0    81    83    43    67   121  2014 17
  81    89    97   134    92    83    11    73    55    41    52   115  2014 18
  77    88   101   134    68    66    25    65    53    62    44   119  2014 19
  93    93    99   130    58    55    25    71    54    74    50    94  2014 20
  90    95    90   113    57    64    12    84    64    72    51    93  2014 21
 108   102   104    93    44    62    28    87    68    83    57    80  2014 22
 102   111   108    64    61    53    47   105    80    89    53    78  2014 23
  81   107    98    54    73    28    45   104    73    93    70    63  2014 24
  70   120    97    43    73    38    46    81    97    92    79    66  2014 25
  68   145    80    34    61    46    42    60   111    89    94    60  2014 26
  53   154    82    58    52    46    56    66   122    72   103    62  2014 27
  54   137    87    60    47    49    79    57   130    68    97    68  2014 28
  66          84    58    32    64    99    46   121    62   106    64  2014 29
  69          72    62    37    91    88    53   120    69   104    66  2014 30
  65          84          38          95    57          54          65  2014 31
--------------------------------------------------------------------------------
  81.8  102.  91.9  84.7  75.1  71.0  72.3  74.5  87.6  60.6  70.0  77.9
--------------------------------------------------------------------------------
Values are final through June, 2013.
