                           DAILY SUNSPOT NUMBERS 2015                          
===============================================================================
 Jan   Feb   Mar   Apr   May   Jun   Jul   Aug   Sep   Oct   Nov   Dec   Yr Day
-------------------------------------------------------------------------------
  75    76    46    32    13                                            2015 01
  89    64    36    25    24                                            2015 02
  74    59    30    23    28                                            2015 03
  74    68    26    40    68                                            2015 04
  66    63    18    40    68                                            2015 05
  64    59    23    39    82                                            2015 06
  74    52    12    37    95                                            2015 07
  74    53    20    31   101                                            2015 08
  81    59    17    34    92                                            2015 09
  81    58    20    29   107                                            2015 10
  88    41    32    42   109                                            2015 11
  92    35    41    62   112                                            2015 12
  72    41    53    75   113                                            2015 13
  58    35    40    75   109                                            2015 14
  43    42    38    70    83                                            2015 15
  38    27    32    69    69                                            2015 16
  29    25    28    85    59                                            2015 17
  47    59    29   100    66                                            2015 18
  48    61    35   100    51                                            2015 19
  38    43    14    93    39                                            2015 20
  32    39    19    93    33                                            2015 21
  37    28    56   104    48                                            2015 22
  42    31    69    84    48                                            2015 23
  41    28    76    61    52                                            2015 24
  44    13    70    48    45                                            2015 25
  80    16    73    47    35                                            2015 26
  91    38    71    34     9                                            2015 27
  98    41    54    31     8                                            2015 28
 103          50    19    22                                            2015 29
 102          36    11    19                                            2015 30
 101          27          17                                            2015 31
--------------------------------------------------------------------------------
  66.9  44.7  38.4  54.4  58.8
--------------------------------------------------------------------------------
Values are final through June, 2014.
