                           DAILY SUNSPOT NUMBERS 2013                          
===============================================================================
 Jan   Feb   Mar   Apr   May   Jun   Jul   Aug   Sep   Oct   Nov   Dec   Yr Day
-------------------------------------------------------------------------------
  65    40    57    53    93    41    51    69    50    36    72    90  2013 01
  62    45    71    66    68    53    74    82    61    45    69   101  2013 02
  85    50    68    68    64    44    72    77    49    51    84    80  2013 03
  98    24    65    63    80    35    80    62    53    59    87    85  2013 04
 106    26    61    77    72    54    72    59    44    43    83    80  2013 05
 105    27    57    76    71    52    82    51    33    35    99    71  2013 06
  95    39    49    85    76    33    93    62    25    55   113    65  2013 07
 101    37    54    82    80    18    81    64    17    72    97    69  2013 08
 102    38    60    92    76    24    73    46     9    79    71   103  2013 09
  97    30    74    94    82    18    53    52    10    90    69   136  2013 10
 107    35    75    85    88    11    52    58    41    91    77   128  2013 11
 105    40    85    84    93    20    48    65    35    84    92   110  2013 12
  84    24    81    79   100    35    24    78    25    99   104   105  2013 13
  78    22    91    74   105    44    40    78    17    96   118    98  2013 14
  72    28    82    63   113    65    51    89     9    96   113    98  2013 15
  59    25    81    63   135    71    51    69    17    89   125    83  2013 16
  41    45    88    64   120    76    48    72    35   109   131    88  2013 17
  28    68    79    57    87    77    63    79    43   116    99   102  2013 18
  31    71    49    59    83    84    56    96    43    97    77   102  2013 19
  31    67    38    61    73    88    39    93    61    85    57   104  2013 20
  24    49    36    63    74    95    35   105    52    96    49   102  2013 21
  36    42    36    60    86    94    38   100    54    88    46    83  2013 22
  39    31    36    55    71    81    53    99    49    93    45    81  2013 23
  36    19    30    66    71    74    46    56    44   108    49    79  2013 24
  32    32    31    75    77    53    56    36    48   103    27    70  2013 25
  43    33    22    71    63    41    47    31    37    99    25    75  2013 26
  47    36    26    72    60    42    45    40    43   111    50    77  2013 27
  40    44    35    69    51    51    48    36    38   110    68    73  2013 28
  34          53    95    47    47    68    38    29   112    67    90  2013 29
  35          54   101    48    55    59    51    36   109    65    73  2013 30
  32          70          33          68    53          97          99  2013 31
--------------------------------------------------------------------------------
  62.9  38.1  57.8  72.4  78.7  52.5  56.9  66.0  36.9  85.5  77.6  90.3
--------------------------------------------------------------------------------
Values are final through June, 2012.
